SM:2025-11-01T16:31:31.4260452Z
LM:2025-11-01T16:31:33.9161499Z
CT:image/jpeg
MA:2592000
CL:14965
