SM:2025-11-01T16:31:31.4381457Z
LM:2025-11-01T16:31:33.9219597Z
CT:image/jpeg
MA:2592000
CL:13019
