SM:2025-11-01T16:31:31.4341122Z
LM:2025-11-01T16:31:33.8709559Z
CT:image/jpeg
MA:2592000
CL:23637
