SM:2025-11-01T16:31:31.4300787Z
LM:2025-11-01T16:31:33.9165189Z
CT:image/jpeg
MA:2592000
CL:13487
